0.5	1.3	6.5	11.7	16.9	21.1	25.3	28.55	30.65	32.3
0	0	0	0	0	0	0	0	0	0
0	0	0	0	0	0	0	0	0	0
0	0	0	0	0	0	0	0	0	0
0	0	0	0	0	0	0	0	0	0
0	0	0	0	0	0	0	0	0	0
0.273	0	0	0	0	0	0	0	0	0
0.714	0	0	0	0	0	0	0	0	0
1.337	0	0	0	0	0	0	0	0	0
2.313	0.68	0	0	0	0	0	0	0	0
3.453	1.645	0	0	0	0	0	0	0	0
4.477	2.757	0	0	0	0	0	0	0	0
5.443	3.908	0	0	0	0	0	0	0	0
6.38	5.048	0	0	0	0	0	0	0	0
7.252	6.053	0	0	0	0	0	0	0	0
8.23	7.096	0	0	0	0	0	0	0	0
9.19	8.187	0	0	0	0	0	0	0	0
10.107	9.181	0.369	0	0	0	0	0	0	0
10.922	10.132	1.026	0	0	0	0	0	0	0
11.69	11.013	2.026	0	0	0	0	0	0	0
12.333	11.746	3.156	0	0	0	0	0	0	0
12.917	12.357	4.181	0	0	0	0	0	0	0
13.737	13.202	5.434	0	0	0	0	0	0	0
14.631	14.082	6.7	0	0	0	0	0	0	0
15.503	14.886	7.834	0	0	0	0	0	0	0
16.351	15.646	8.931	0	0	0	0	0	0	0
17.263	16.422	10.091	0.826	0	0	0	0	0	0
18.214	17.219	11.154	1.837	0	0	0	0	0	0
18.998	17.875	12.049	2.716	0	0	0	0	0	0
19.813	18.639	13.046	3.766	0	0	0	0	0	0
20.724	19.45	14.029	5.042	0	0	0	0	0	0
21.577	20.205	14.923	6.383	0	0	0	0	0	0
22.34	20.935	15.803	7.471	0	0	0	0	0	0
23.002	21.538	16.518	8.499	0	0	0	0	0	0
23.605	22.136	17.18	9.597	0	0	0	0	0	0
24.228	22.716	17.875	10.706	0.913	0	0	0	0	0
24.899	23.376	18.599	11.686	1.782	0	0	0	0	0
25.567	23.951	19.176	12.554	2.912	0	0	0	0	0
26.253	24.488	19.708	13.416	3.937	0	0	0	0	0
26.901	24.977	20.258	14.318	5.202	0	0	0	0	0
27.751	25.599	20.943	15.329	6.535	0	0	0	0	0
28.465	26.028	21.508	16.184	7.649	0	0	0	0	0
29.268	26.557	22.116	16.919	8.512	0.428	0	0	0	0
29.961	27.031	22.646	17.577	9.435	0.927	0	0	0	0
30.248	27.22	22.838	17.829	9.835	1.255	0	0	0	0
30.71	27.524	23.11	18.258	10.582	2.032	0	0	0	0
31.21	27.818	23.438	18.696	11.409	2.892	0	0	0	0
31.746	28.181	23.888	19.219	12.317	3.882	0	0	0	0
32.31	28.609	24.312	19.759	13.169	4.755	0	0	0	0
32.975	29.099	24.849	20.383	13.976	5.755	0	0	0	0
33.476	29.476	25.218	20.761	14.507	6.488	0	0	0	0
33.762	29.716	25.449	21.003	14.876	6.936	0	0	0	0
34.227	30.07	25.808	21.444	15.466	7.873	0	0	0	0
34.661	30.328	26.029	21.713	15.88	8.401	0	0	0	0
35.284	30.665	26.403	22.121	16.441	9.244	0	0	0	0
35.859	30.988	26.721	22.495	16.933	9.908	0.675	0	0	0
36.457	31.317	27.01	22.811	17.401	10.577	1.306	0	0	0
36.874	31.54	27.173	22.971	17.657	11.016	1.695	0	0	0
37.419	31.821	27.38	23.225	18.071	11.601	2.322	0	0	0
37.951	32.119	27.615	23.466	18.438	12.123	3.043	0	0	0
38.608	32.467	27.863	23.733	18.815	12.639	3.899	0	0	0
39.026	32.733	28.038	23.904	19.047	12.911	4.371	0	0	0
39.491	33.033	28.252	24.13	19.377	13.324	5.194	0	0	0
39.742	33.232	28.41	24.293	19.608	13.666	5.649	0	0	0
40.023	33.444	28.574	24.485	19.915	14.086	6.315	0	0	0
40.267	33.651	28.718	24.624	20.096	14.324	6.71	0	0	0
40.344	33.733	28.792	24.706	20.201	14.483	6.991	0.202	0	0
40.494	33.854	28.914	24.85	20.358	14.7	7.481	0.371	0	0
40.723	33.993	29.035	25.006	20.563	15.055	8.08	0.839	0	0
40.924	34.128	29.174	25.113	20.703	15.341	8.584	1.385	0	0
41.155	34.283	29.324	25.286	20.945	15.786	9.119	2.077	0	0
41.441	34.475	29.486	25.451	21.168	16.119	9.593	2.753	0	0
41.72	34.676	29.615	25.57	21.332	16.362	9.961	3.266	0	0
41.868	34.788	29.685	25.638	21.423	16.474	10.156	3.566	0	0
41.964	34.878	29.767	25.741	21.563	16.692	10.447	4.249	0	0
42.117	35.026	29.869	25.84	21.698	16.899	10.803	4.921	0.404	0
42.252	35.174	29.946	25.934	21.836	17.153	11.224	5.581	0.866	0
42.398	35.29	30.013	26	21.94	17.305	11.508	5.988	1.312	0
42.506	35.393	30.079	26.075	22.044	17.465	11.795	6.443	1.904	0
42.611	35.47	30.128	26.118	22.115	17.583	12.027	6.795	2.387	0
42.698	35.539	30.176	26.179	22.202	17.716	12.29	7.194	2.803	0
42.783	35.593	30.211	26.226	22.26	17.798	12.458	7.399	3.105	0
42.904	35.683	30.275	26.314	22.368	17.991	12.733	7.769	3.59	0
43.066	35.796	30.346	26.392	22.45	18.119	12.97	8.053	4.026	0.295
43.255	35.912	30.431	26.486	22.573	18.321	13.289	8.51	4.648	0.633
43.518	36.043	30.522	26.576	22.669	18.46	13.521	8.851	5.046	1.077
43.657	36.135	30.575	26.621	22.736	18.557	13.677	9.065	5.35	1.447
43.839	36.24	30.637	26.688	22.837	18.728	13.914	9.354	5.744	1.975
44.121	36.419	30.723	26.764	22.964	18.908	14.178	9.734	6.263	2.487
44.263	36.482	30.773	26.807	23.047	19.052	14.366	9.983	6.563	2.817
44.482	36.565	30.855	26.898	23.194	19.258	14.632	10.252	6.897	3.191
44.588	36.651	30.913	26.946	23.255	19.328	14.73	10.37	7.064	3.454
44.784	36.791	31	27.033	23.364	19.455	14.88	10.539	7.278	3.775
45.025	36.936	31.065	27.093	23.459	19.56	15.02	10.736	7.53	4.098
45.214	37.091	31.136	27.165	23.543	19.651	15.139	10.891	7.766	4.427
45.281	37.16	31.17	27.201	23.583	19.705	15.223	11.01	7.921	4.67
45.4	37.261	31.222	27.259	23.669	19.817	15.361	11.22	8.196	5.066
45.501	37.334	31.273	27.307	23.729	19.886	15.451	11.342	8.343	5.277
45.654	37.45	31.358	27.382	23.817	19.987	15.573	11.488	8.501	5.495
45.828	37.556	31.429	27.441	23.891	20.075	15.68	11.639	8.686	5.748
46.093	37.742	31.525	27.529	23.997	20.191	15.843	11.895	9.011	6.09
46.297	37.933	31.594	27.584	24.063	20.266	15.942	12.053	9.197	6.317
46.541	38.106	31.677	27.665	24.158	20.367	16.075	12.235	9.414	6.575
46.669	38.216	31.739	27.712	24.225	20.439	16.166	12.345	9.548	6.741
46.79	38.364	31.831	27.767	24.318	20.534	16.279	12.484	9.718	6.965
46.945	38.523	31.925	27.83	24.396	20.629	16.409	12.676	9.987	7.294
